buyVsSellerTable für alive = 
sell|273.2854|7082.9364|0.0386
buy|119.9853|2853.3802|0.0427
||||0.04065|

buyVsSellerTable für beer = 
sell|48.6554|483.5582|0.0996
buy|4.1636|54.9342|0.0756
||||0.08760|

buyVsSellerTable für leo = 
sell|8120.1137|86354.7451|0.0940
buy|2684.1533|29376.3970|0.0918
||||0.09290|

buyVsSellerTable für pob = 
sell|976.0925|22992.9454|0.0424
buy|324.8034|7549.7081|0.0430
||||0.04270|

buyVsSellerTable für spt = 
sell|153.3853|255607.5748|0.0006
buy|21.9605|29879.7961|0.0007
||||0.00065|

buyVsSellerTable für alive = 
sell|273.2854|7082.9364|0.0386
buy|119.9853|2853.3802|0.0427
||||0.04065|

buyVsSellerTable für beer = 
sell|48.6554|483.5582|0.0996
buy|4.1636|54.9342|0.0756
||||0.08760|

buyVsSellerTable für leo = 
sell|8120.1137|86354.7451|0.0940
buy|2684.1533|29376.3970|0.0918
||||0.09290|

buyVsSellerTable für pob = 
sell|976.0925|22992.9454|0.0424
buy|324.8034|7549.7081|0.0430
||||0.04270|

buyVsSellerTable für spt = 
sell|153.3853|255607.5748|0.0006
buy|21.9605|29879.7961|0.0007
||||0.00065|

buyVsSellerTable für alive = 
sell|273.2854|7082.9364|0.0386
buy|119.9853|2853.3802|0.0427
||273.2854119.9853||0.04065|

buyVsSellerTable für beer = 
sell|48.6554|483.5582|0.0996
buy|4.1636|54.9342|0.0756
||48.65544.1636||0.08760|

buyVsSellerTable für leo = 
sell|8120.1137|86354.7451|0.0940
buy|2684.1533|29376.3970|0.0918
||8120.11372684.1533||0.09290|

buyVsSellerTable für pob = 
sell|976.0925|22992.9454|0.0424
buy|324.8034|7549.7081|0.0430
||976.0925324.8034||0.04270|

buyVsSellerTable für spt = 
sell|153.3853|255607.5748|0.0006
buy|21.9605|29879.7961|0.0007
||153.385321.9605||0.00065|

buyVsSellerTable für alive = 
sell|273.2854|7082.9364|0.0386
buy|119.9853|2853.3802|0.0427
||393.2707||0.04065|

buyVsSellerTable für beer = 
sell|48.6554|483.5582|0.0996
buy|4.1636|54.9342|0.0756
||52.819||0.08760|

buyVsSellerTable für leo = 
sell|8120.1137|86354.7451|0.0940
buy|2684.1533|29376.3970|0.0918
||10804.267||0.09290|

buyVsSellerTable für pob = 
sell|976.0925|22992.9454|0.0424
buy|324.8034|7549.7081|0.0430
||1300.8959||0.04270|

buyVsSellerTable für spt = 
sell|153.3853|255607.5748|0.0006
buy|21.9605|29879.7961|0.0007
||175.3458||0.00065|

buyVsSellerTable für alive = 
sell|273.2854|7082.9364|0.0386
buy|119.9853|2853.3802|0.0427
|sum: |393.2707|9936.3166|0.04065|

buyVsSellerTable für beer = 
sell|48.6554|483.5582|0.0996
buy|4.1636|54.9342|0.0756
|sum: |52.819|538.4924|0.08760|

buyVsSellerTable für leo = 
sell|8120.1137|86354.7451|0.0940
buy|2684.1533|29376.3970|0.0918
|sum: |10804.267|115731.1421|0.09290|

buyVsSellerTable für pob = 
sell|976.0925|22992.9454|0.0424
buy|324.8034|7549.7081|0.0430
|sum: |1300.8959|30542.6535|0.04270|

buyVsSellerTable für spt = 
sell|153.3853|255607.5748|0.0006
buy|21.9605|29879.7961|0.0007
|sum: |175.3458|285487.3709|0.00065|

buyVsSellerTable für alive = 
sell|273.2854|7082.9364||0.0386
buy|119.9853|2853.3802|471.86702920709996|0.0427
|sum: |393.2707|9936.3166|100%|0.04065|

buyVsSellerTable für beer = 
sell|48.6554|483.5582||0.0996
buy|4.1636|54.9342|2.199171884|0.0756
|sum: |52.819|538.4924|100%|0.08760|

buyVsSellerTable für leo = 
sell|8120.1137|86354.7451||0.0940
buy|2684.1533|29376.3970|290003.089221311|0.0918
|sum: |10804.267|115731.1421|100%|0.09290|

buyVsSellerTable für pob = 
sell|976.0925|22992.9454||0.0424
buy|324.8034|7549.7081|4225.3541136606|0.0430
|sum: |1300.8959|30542.6535|100%|0.04270|

buyVsSellerTable für spt = 
sell|153.3853|255607.5748||0.0006
buy|21.9605|29879.7961|38.506814409|0.0007
|sum: |175.3458|285487.3709|100%|0.00065|

buyVsSellerTable für alive = 
sell|273.2854|7082.9364||0.0386
buy|119.9853|2853.3802|471.87%|0.0427
|sum: |393.2707|9936.3166|100%|0.04065|

buyVsSellerTable für beer = 
sell|48.6554|483.5582||0.0996
buy|4.1636|54.9342|2.20%|0.0756
|sum: |52.819|538.4924|100%|0.08760|

buyVsSellerTable für leo = 
sell|8120.1137|86354.7451||0.0940
buy|2684.1533|29376.3970|290003.09%|0.0918
|sum: |10804.267|115731.1421|100%|0.09290|

buyVsSellerTable für pob = 
sell|976.0925|22992.9454||0.0424
buy|324.8034|7549.7081|4225.35%|0.0430
|sum: |1300.8959|30542.6535|100%|0.04270|

buyVsSellerTable für spt = 
sell|153.3853|255607.5748||0.0006
buy|21.9605|29879.7961|38.51%|0.0007
|sum: |175.3458|285487.3709|100%|0.00065|

buyVsSellerTable für alive = 
sell|273.2854|7082.9364||0.0386
buy|119.9853|2853.3802|30.51%|0.0427
|sum: |393.2707|9936.3166|100%|0.04065|

buyVsSellerTable für beer = 
sell|48.6554|483.5582||0.0996
buy|4.1636|54.9342|7.88%|0.0756
|sum: |52.819|538.4924|100%|0.08760|

buyVsSellerTable für leo = 
sell|8120.1137|86354.7451||0.0940
buy|2684.1533|29376.3970|24.84%|0.0918
|sum: |10804.267|115731.1421|100%|0.09290|

buyVsSellerTable für pob = 
sell|976.0925|22992.9454||0.0424
buy|324.8034|7549.7081|24.97%|0.0430
|sum: |1300.8959|30542.6535|100%|0.04270|

buyVsSellerTable für spt = 
sell|153.3853|255607.5748||0.0006
buy|21.9605|29879.7961|12.52%|0.0007
|sum: |175.3458|285487.3709|100%|0.00065|

buyVsSellerTable für alive = 
sell|273.2854|7082.9364|69.49|0.0386
buy|119.9853|2853.3802|30.51%|0.0427
|sum: |393.2707|9936.3166|100%|0.04065|

buyVsSellerTable für beer = 
sell|48.6554|483.5582|92.12|0.0996
buy|4.1636|54.9342|7.88%|0.0756
|sum: |52.819|538.4924|100%|0.08760|

buyVsSellerTable für leo = 
sell|8120.1137|86354.7451|75.16|0.0940
buy|2684.1533|29376.3970|24.84%|0.0918
|sum: |10804.267|115731.1421|100%|0.09290|

buyVsSellerTable für pob = 
sell|976.0925|22992.9454|75.03|0.0424
buy|324.8034|7549.7081|24.97%|0.0430
|sum: |1300.8959|30542.6535|100%|0.04270|

buyVsSellerTable für spt = 
sell|153.3853|255607.5748|87.48|0.0006
buy|21.9605|29879.7961|12.52%|0.0007
|sum: |175.3458|285487.3709|100%|0.00065|

buyVsSellerTable für alive = 
sell|273.2854|7082.9364|69.49%|0.0386
buy|119.9853|2853.3802|30.51%|0.0427
|sum: |393.2707|9936.3166|100%|0.04065|

buyVsSellerTable für beer = 
buy|48.6554|483.5582|92.12%|0.0996
sell|4.1636|54.9342|7.88%|0.0756
|sum: |52.819|538.4924|100%|0.08760|

buyVsSellerTable für leo = 
buy|8120.1137|86354.7451|75.16%|0.0940
sell|2684.1533|29376.3970|24.84%|0.0918
|sum: |10804.267|115731.1421|100%|0.09290|

buyVsSellerTable für pob = 
sell|976.0925|22992.9454|75.03%|0.0424
buy|324.8034|7549.7081|24.97%|0.0430
|sum: |1300.8959|30542.6535|100%|0.04270|

buyVsSellerTable für spt = 
sell|153.3853|255607.5748|87.48%|0.0006
buy|21.9605|29879.7961|12.52%|0.0007
|sum: |175.3458|285487.3709|100%|0.00065|

buyVsSellerTable für alive = 
sell|273.2854|7082.9364|69.49%|0.0386
buy|119.9853|2853.3802|30.51%|0.0427
|sum: |393.2707|9936.3166|100%|0.04065|

buyVsSellerTable für beer = 
buy|48.6554|483.5582|92.12%|0.0996
sell|4.1636|54.9342|7.88%|0.0756
|sum: |52.819|538.4924|100%|0.08760|

buyVsSellerTable für leo = 
buy|8120.1137|86354.7451|75.16%|0.0940
sell|2684.1533|29376.3970|24.84%|0.0918
|sum: |10804.267|115731.1421|100%|0.09290|

buyVsSellerTable für pob = 
sell|976.0925|22992.9454|75.03%|0.0424
buy|324.8034|7549.7081|24.97%|0.0430
|sum: |1300.8959|30542.6535|100%|0.04270|

buyVsSellerTable für spt = 
sell|153.3853|255607.5748|87.48%|0.0006
buy|21.9605|29879.7961|12.52%|0.0007
|sum: |175.3458|285487.3709|100%|0.00065|

buyVsSellerTable für alive = 
sell|218.0902|5910.8513|78.23%|0.0379
buy|60.6846|1457.8356|21.77%|0.0416
|sum: |278.7748|7368.686900000001|100%|0.03975|

buyVsSellerTable für beer = 
buy|84.2782|806.3288|77.51%|0.1020
sell|24.4513|329.6872|22.49%|0.0745
|sum: |108.7295|1136.016|100%|0.08825|

buyVsSellerTable für leo = 
buy|12504.2347|113791.3150|66.91%|0.1120
sell|6184.8648|53904.5799|33.09%|0.1113
|sum: |18689.0995|167695.8949|100%|0.11165|

buyVsSellerTable für pob = 
sell|698.2866|16534.5811|80.91%|0.0421
buy|164.7944|3837.0379|19.09%|0.0427
|sum: |863.081|20371.619|100%|0.04240|

buyVsSellerTable für spt = 
sell|200.2156|332546.3949|66.44%|0.0006
buy|101.1296|141499.5484|33.56%|0.0007
|sum: |301.3452|474045.94330000004|100%|0.00065|

buyVsSellerTable für alive = 
sell|218.0902|5910.8513|78.23%|0.0379
buy|60.6846|1457.8356|21.77%|0.0416
|sum: |278.7748|7368.686900000001|100%|0.03975|

buyVsSellerTable für beer = 
buy|84.2782|806.3288|77.51%|0.1020
sell|24.4513|329.6872|22.49%|0.0745
|sum: |108.7295|1136.016|100%|0.08825|

buyVsSellerTable für leo = 
buy|12504.2347|113791.3150|66.91%|0.1120
sell|6184.8648|53904.5799|33.09%|0.1113
|sum: |18689.0995|167695.8949|100%|0.11165|

buyVsSellerTable für pob = 
sell|698.2866|16534.5811|80.91%|0.0421
buy|164.7944|3837.0379|19.09%|0.0427
|sum: |863.081|20371.619|100%|0.04240|

buyVsSellerTable für spt = 
sell|200.2156|332546.3949|66.44%|0.0006
buy|101.1296|141499.5484|33.56%|0.0007
|sum: |301.3452|474045.94330000004|100%|0.00065|

buyVsSellerTable für alive = 
sell|218.09024|5910.85127|78.23%|0.03795
buy|60.68459|1457.83560|21.77%|0.04156
|sum: |278.77483|7368.68687|100%|0.03975|

buyVsSellerTable für beer = 
buy|84.27824|806.32884|77.51%|0.10202
sell|24.45129|329.68722|22.49%|0.07454
|sum: |108.72953|1136.01606|100%|0.08828|

buyVsSellerTable für leo = 
buy|12504.23474|113791.31498|66.91%|0.11197
sell|6184.86478|53904.57992|33.09%|0.11129
|sum: |18689.09952|167695.89489999998|100%|0.11163|

buyVsSellerTable für pob = 
sell|698.28660|16534.58111|80.91%|0.04213
buy|164.79441|3837.03787|19.09%|0.04268
|sum: |863.08101|20371.61898|100%|0.04240|

buyVsSellerTable für spt = 
sell|200.21561|332546.39492|66.44%|0.00060
buy|101.12958|141499.54841|33.56%|0.00068
|sum: |301.34519|474045.94333|100%|0.00064|

buyVsSellerTable für alive = 
sell|218.09024|78.23%|5910.85127|0.03795
buy|60.68459|1457.83560|21.77%|0.04156
|sum: |278.77483|7368.68687|100%|0.03975|

buyVsSellerTable für beer = 
buy|84.27824|77.51%|806.32884|0.10202
sell|24.45129|329.68722|22.49%|0.07454
|sum: |108.72953|1136.01606|100%|0.08828|

buyVsSellerTable für leo = 
buy|12504.23474|66.91%|113791.31498|0.11197
sell|6184.86478|53904.57992|33.09%|0.11129
|sum: |18689.09952|167695.89489999998|100%|0.11163|

buyVsSellerTable für pob = 
sell|698.28660|80.91%|16534.58111|0.04213
buy|164.79441|3837.03787|19.09%|0.04268
|sum: |863.08101|20371.61898|100%|0.04240|

buyVsSellerTable für spt = 
sell|200.21561|66.44%|332546.39492|0.00060
buy|101.12958|141499.54841|33.56%|0.00068
|sum: |301.34519|474045.94333|100%|0.00064|

buyVsSellerTable für alive = 
sell|218.09024|78.23%|5910.85127|0.03795
buy|60.68459|21.77%|1457.83560|0.04156
|sum: |278.77483|7368.68687|100%|0.03975|

buyVsSellerTable für beer = 
buy|84.27824|77.51%|806.32884|0.10202
sell|24.45129|22.49%|329.68722|0.07454
|sum: |108.72953|1136.01606|100%|0.08828|

buyVsSellerTable für leo = 
buy|12504.23474|66.91%|113791.31498|0.11197
sell|6184.86478|33.09%|53904.57992|0.11129
|sum: |18689.09952|167695.89489999998|100%|0.11163|

buyVsSellerTable für pob = 
sell|698.28660|80.91%|16534.58111|0.04213
buy|164.79441|19.09%|3837.03787|0.04268
|sum: |863.08101|20371.61898|100%|0.04240|

buyVsSellerTable für spt = 
sell|200.21561|66.44%|332546.39492|0.00060
buy|101.12958|33.56%|141499.54841|0.00068
|sum: |301.34519|474045.94333|100%|0.00064|

buyVsSellerTable für alive = 
sell|218.09024|78.23%|5910.85127|0.03795
buy|60.68459|21.77%|1457.83560|0.04156
|sum: |278.77483|100%|7368.68687|0.03975|

buyVsSellerTable für beer = 
buy|84.27824|77.51%|806.32884|0.10202
sell|24.45129|22.49%|329.68722|0.07454
|sum: |108.72953|100%|1136.01606|0.08828|

buyVsSellerTable für leo = 
buy|12504.23474|66.91%|113791.31498|0.11197
sell|6184.86478|33.09%|53904.57992|0.11129
|sum: |18689.09952|100%|167695.89489999998|0.11163|

buyVsSellerTable für pob = 
sell|698.28660|80.91%|16534.58111|0.04213
buy|164.79441|19.09%|3837.03787|0.04268
|sum: |863.08101|100%|20371.61898|0.04240|

buyVsSellerTable für spt = 
sell|200.21561|66.44%|332546.39492|0.00060
buy|101.12958|33.56%|141499.54841|0.00068
|sum: |301.34519|100%|474045.94333|0.00064|

buyVsSellerTable für alive = 
sell|218.09024|78.23%|5910.85127|0.03795
buy|60.68459|21.77%|1457.83560|0.04156
|sum: |278.77483|100%|7368.68687|0.03975|

buyVsSellerTable für beer = 
buy|84.27824|77.51%|806.32884|0.10202
sell|24.45129|22.49%|329.68722|0.07454
|sum: |108.72953|100%|1136.01606|0.08828|

buyVsSellerTable für leo = 
buy|12504.23474|66.91%|113791.31498|0.11197
sell|6184.86478|33.09%|53904.57992|0.11129
|sum: |18689.09952|100%|167695.89489999998|0.11163|

buyVsSellerTable für pob = 
sell|698.28660|80.91%|16534.58111|0.04213
buy|164.79441|19.09%|3837.03787|0.04268
|sum: |863.08101|100%|20371.61898|0.04240|

buyVsSellerTable für spt = 
sell|200.21561|66.44%|332546.39492|0.00060
buy|101.12958|33.56%|141499.54841|0.00068
|sum: |301.34519|100%|474045.94333|0.00064|

buyVsSellerTable für alive = 
sell|218.09024|78.23%|5910.85127|0.03795
buy|60.68459|21.77%|1457.83560|0.04156
|sum: |278.77483|100%|7368.68687|0.03975|

buyVsSellerTable für beer = 
buy|84.27824|77.51%|806.32884|0.10202
sell|24.45129|22.49%|329.68722|0.07454
|sum: |108.72953|100%|1136.01606|0.08828|

buyVsSellerTable für leo = 
buy|12504.23474|66.91%|113791.31498|0.11197
sell|6184.86478|33.09%|53904.57992|0.11129
|sum: |18689.09952|100%|167695.89489999998|0.11163|

buyVsSellerTable für pob = 
sell|698.28660|80.91%|16534.58111|0.04213
buy|164.79441|19.09%|3837.03787|0.04268
|sum: |863.08101|100%|20371.61898|0.04240|

buyVsSellerTable für spt = 
sell|200.21561|66.44%|332546.39492|0.00060
buy|101.12958|33.56%|141499.54841|0.00068
|sum: |301.34519|100%|474045.94333|0.00064|

buyVsSellerTable für alive = 
sell|218.09024|78.23%|5910.85127|0.03795
buy|60.68459|21.77%|1457.83560|0.04156
|sum: |278.77483|100%|7368.68687|0.03975|

buyVsSellerTable für beer = 
buy|84.27824|77.51%|806.32884|0.10202
sell|24.45129|22.49%|329.68722|0.07454
|sum: |108.72953|100%|1136.01606|0.08828|

buyVsSellerTable für leo = 
buy|12504.23474|66.91%|113791.31498|0.11197
sell|6184.86478|33.09%|53904.57992|0.11129
|sum: |18689.09952|100%|167695.89489999998|0.11163|

buyVsSellerTable für pob = 
sell|698.28660|80.91%|16534.58111|0.04213
buy|164.79441|19.09%|3837.03787|0.04268
|sum: |863.08101|100%|20371.61898|0.04240|

buyVsSellerTable für spt = 
sell|200.21561|66.44%|332546.39492|0.00060
buy|101.12958|33.56%|141499.54841|0.00068
|sum: |301.34519|100%|474045.94333|0.00064|

buyVsSellerTable für alive = 
sell|218.09024|78.23%|5910.85127|0.03795
buy|60.68459|21.77%|1457.83560|0.04156
|sum: |278.77483|100%|7368.68687|0.03975|

buyVsSellerTable für beer = 
buy|84.27824|77.51%|806.32884|0.10202
sell|24.45129|22.49%|329.68722|0.07454
|sum: |108.72953|100%|1136.01606|0.08828|

buyVsSellerTable für leo = 
buy|12504.23474|66.91%|113791.31498|0.11197
sell|6184.86478|33.09%|53904.57992|0.11129
|sum: |18689.09952|100%|167695.89489999998|0.11163|

buyVsSellerTable für pob = 
sell|698.28660|80.91%|16534.58111|0.04213
buy|164.79441|19.09%|3837.03787|0.04268
|sum: |863.08101|100%|20371.61898|0.04240|

buyVsSellerTable für spt = 
sell|200.21561|66.44%|332546.39492|0.00060
buy|101.12958|33.56%|141499.54841|0.00068
|sum: |301.34519|100%|474045.94333|0.00064|

buyVsSellerTable für alive = 
sell|218.09024|78.23%|5910.85127|0.03795
buy|60.68459|21.77%|1457.83560|0.04156
|sum: |278.77483|100%|7368.68687|0.03975|

buyVsSellerTable für beer = 
buy|84.27824|77.51%|806.32884|0.10202
sell|24.45129|22.49%|329.68722|0.07454
|sum: |108.72953|100%|1136.01606|0.08828|

buyVsSellerTable für leo = 
buy|12504.23474|66.91%|113791.31498|0.11197
sell|6184.86478|33.09%|53904.57992|0.11129
|sum: |18689.09952|100%|167695.89489999998|0.11163|

buyVsSellerTable für pob = 
sell|698.28660|80.91%|16534.58111|0.04213
buy|164.79441|19.09%|3837.03787|0.04268
|sum: |863.08101|100%|20371.61898|0.04240|

buyVsSellerTable für spt = 
sell|200.21561|66.44%|332546.39492|0.00060
buy|101.12958|33.56%|141499.54841|0.00068
|sum: |301.34519|100%|474045.94333|0.00064|

buyVsSellerTable für alive = 
sell|218.09024|78.23%|5910.85127|0.03795
buy|60.68459|21.77%|1457.83560|0.04156
|sum: |278.77483|100%|7368.68687|0.03975|

buyVsSellerTable für beer = 
buy|84.27824|77.51%|806.32884|0.10202
sell|24.45129|22.49%|329.68722|0.07454
|sum: |108.72953|100%|1136.01606|0.08828|

buyVsSellerTable für leo = 
buy|12504.23474|66.91%|113791.31498|0.11197
sell|6184.86478|33.09%|53904.57992|0.11129
|sum: |18689.09952|100%|167695.89489999998|0.11163|

buyVsSellerTable für pob = 
sell|698.28660|80.91%|16534.58111|0.04213
buy|164.79441|19.09%|3837.03787|0.04268
|sum: |863.08101|100%|20371.61898|0.04240|

buyVsSellerTable für spt = 
sell|200.21561|66.44%|332546.39492|0.00060
buy|101.12958|33.56%|141499.54841|0.00068
|sum: |301.34519|100%|474045.94333|0.00064|

buyVsSellerTable für alive = 
sell|218.09024|78.23%|5910.85127|0.03795
buy|60.68459|21.77%|1457.83560|0.04156
|sum: |278.77483|100%|7368.68687|0.03975|

buyVsSellerTable für beer = 
buy|84.27824|77.51%|806.32884|0.10202
sell|24.45129|22.49%|329.68722|0.07454
|sum: |108.72953|100%|1136.01606|0.08828|

buyVsSellerTable für leo = 
buy|12504.23474|66.91%|113791.31498|0.11197
sell|6184.86478|33.09%|53904.57992|0.11129
|sum: |18689.09952|100%|167695.89489999998|0.11163|

buyVsSellerTable für pob = 
sell|698.28660|80.91%|16534.58111|0.04213
buy|164.79441|19.09%|3837.03787|0.04268
|sum: |863.08101|100%|20371.61898|0.04240|

buyVsSellerTable für spt = 
sell|200.21561|66.44%|332546.39492|0.00060
buy|101.12958|33.56%|141499.54841|0.00068
|sum: |301.34519|100%|474045.94333|0.00064|

buyVsSellerTable für alive = 
sell|218.09024|78.23%|5910.85127|0.03795
buy|60.68459|21.77%|1457.83560|0.04156
|sum: |278.77483|100%|7368.68687|0.03975|

buyVsSellerTable für beer = 
buy|84.27824|77.51%|806.32884|0.10202
sell|24.45129|22.49%|329.68722|0.07454
|sum: |108.72953|100%|1136.01606|0.08828|

buyVsSellerTable für leo = 
buy|12504.23474|66.91%|113791.31498|0.11197
sell|6184.86478|33.09%|53904.57992|0.11129
|sum: |18689.09952|100%|167695.89489999998|0.11163|

buyVsSellerTable für pob = 
sell|698.28660|80.91%|16534.58111|0.04213
buy|164.79441|19.09%|3837.03787|0.04268
|sum: |863.08101|100%|20371.61898|0.04240|

buyVsSellerTable für spt = 
sell|200.21561|66.44%|332546.39492|0.00060
buy|101.12958|33.56%|141499.54841|0.00068
|sum: |301.34519|100%|474045.94333|0.00064|

buyVsSellerTable für alive = 
sell|218.09024|78.23%|5910.85127|0.03795
buy|60.68459|21.77%|1457.83560|0.04156
|sum: |278.77483|100%|7368.68687|0.03975|

buyVsSellerTable für beer = 
buy|84.27824|77.51%|806.32884|0.10202
sell|24.45129|22.49%|329.68722|0.07454
|sum: |108.72953|100%|1136.01606|0.08828|

buyVsSellerTable für leo = 
buy|12504.23474|66.91%|113791.31498|0.11197
sell|6184.86478|33.09%|53904.57992|0.11129
|sum: |18689.09952|100%|167695.89489999998|0.11163|

buyVsSellerTable für pob = 
sell|698.28660|80.91%|16534.58111|0.04213
buy|164.79441|19.09%|3837.03787|0.04268
|sum: |863.08101|100%|20371.61898|0.04240|

buyVsSellerTable für spt = 
sell|200.21561|66.44%|332546.39492|0.00060
buy|101.12958|33.56%|141499.54841|0.00068
|sum: |301.34519|100%|474045.94333|0.00064|

buyVsSellerTable für alive = 
sell|218.09024|78.23%|5910.85127|0.03795
buy|60.68459|21.77%|1457.83560|0.04156
|sum: |278.77483|100%|7368.68687|0.03975|

buyVsSellerTable für beer = 
buy|84.27824|77.51%|806.32884|0.10202
sell|24.45129|22.49%|329.68722|0.07454
|sum: |108.72953|100%|1136.01606|0.08828|

buyVsSellerTable für leo = 
buy|12504.23474|66.91%|113791.31498|0.11197
sell|6184.86478|33.09%|53904.57992|0.11129
|sum: |18689.09952|100%|167695.89489999998|0.11163|

buyVsSellerTable für pob = 
sell|698.28660|80.91%|16534.58111|0.04213
buy|164.79441|19.09%|3837.03787|0.04268
|sum: |863.08101|100%|20371.61898|0.04240|

buyVsSellerTable für spt = 
sell|200.21561|66.44%|332546.39492|0.00060
buy|101.12958|33.56%|141499.54841|0.00068
|sum: |301.34519|100%|474045.94333|0.00064|

buyVsSellerTable für alive = 
sell|218.09024|78.23%|5910.85127|0.03795
buy|60.68459|21.77%|1457.83560|0.04156
|sum: |278.77483|100%|7368.68687|0.03975|

buyVsSellerTable für beer = 
buy|84.27824|77.51%|806.32884|0.10202
sell|24.45129|22.49%|329.68722|0.07454
|sum: |108.72953|100%|1136.01606|0.08828|

buyVsSellerTable für leo = 
buy|12504.23474|66.91%|113791.31498|0.11197
sell|6184.86478|33.09%|53904.57992|0.11129
|sum: |18689.09952|100%|167695.89489999998|0.11163|

buyVsSellerTable für pob = 
sell|698.28660|80.91%|16534.58111|0.04213
buy|164.79441|19.09%|3837.03787|0.04268
|sum: |863.08101|100%|20371.61898|0.04240|

buyVsSellerTable für spt = 
sell|200.21561|66.44%|332546.39492|0.00060
buy|101.12958|33.56%|141499.54841|0.00068
|sum: |301.34519|100%|474045.94333|0.00064|

buyVsSellerTable für alive = 
sell|218.09024|78.23%|5910.85127|0.03795
buy|60.68459|21.77%|1457.83560|0.04156
|sum: |278.77483|100%|7368.68687|0.03975|

buyVsSellerTable für beer = 
buy|84.27824|77.51%|806.32884|0.10202
sell|24.45129|22.49%|329.68722|0.07454
|sum: |108.72953|100%|1136.01606|0.08828|

buyVsSellerTable für leo = 
buy|12504.23474|66.91%|113791.31498|0.11197
sell|6184.86478|33.09%|53904.57992|0.11129
|sum: |18689.09952|100%|167695.89489999998|0.11163|

buyVsSellerTable für pob = 
sell|698.28660|80.91%|16534.58111|0.04213
buy|164.79441|19.09%|3837.03787|0.04268
|sum: |863.08101|100%|20371.61898|0.04240|

buyVsSellerTable für spt = 
sell|200.21561|66.44%|332546.39492|0.00060
buy|101.12958|33.56%|141499.54841|0.00068
|sum: |301.34519|100%|474045.94333|0.00064|

buyVsSellerTable für alive = 
sell|218.09024|78.23%|5910.85127|0.03795
buy|60.68459|21.77%|1457.83560|0.04156
|sum: |278.77483|100%|7368.68687|0.03975|

buyVsSellerTable für beer = 
buy|84.27824|77.51%|806.32884|0.10202
sell|24.45129|22.49%|329.68722|0.07454
|sum: |108.72953|100%|1136.01606|0.08828|

buyVsSellerTable für leo = 
buy|12504.23474|66.91%|113791.31498|0.11197
sell|6184.86478|33.09%|53904.57992|0.11129
|sum: |18689.09952|100%|167695.89489999998|0.11163|

buyVsSellerTable für pob = 
sell|698.28660|80.91%|16534.58111|0.04213
buy|164.79441|19.09%|3837.03787|0.04268
|sum: |863.08101|100%|20371.61898|0.04240|

buyVsSellerTable für spt = 
sell|200.21561|66.44%|332546.39492|0.00060
buy|101.12958|33.56%|141499.54841|0.00068
|sum: |301.34519|100%|474045.94333|0.00064|

buyVsSellerTable für alive = 
sell|218.09024|78.23%|5910.85127|0.03795
buy|60.68459|21.77%|1457.83560|0.04156
|sum: |278.77483|100%|7368.68687|0.03975|

buyVsSellerTable für beer = 
buy|84.27824|77.51%|806.32884|0.10202
sell|24.45129|22.49%|329.68722|0.07454
|sum: |108.72953|100%|1136.01606|0.08828|

buyVsSellerTable für leo = 
buy|12504.23474|66.91%|113791.31498|0.11197
sell|6184.86478|33.09%|53904.57992|0.11129
|sum: |18689.09952|100%|167695.89489999998|0.11163|

buyVsSellerTable für pob = 
sell|698.28660|80.91%|16534.58111|0.04213
buy|164.79441|19.09%|3837.03787|0.04268
|sum: |863.08101|100%|20371.61898|0.04240|

buyVsSellerTable für spt = 
sell|200.21561|66.44%|332546.39492|0.00060
buy|101.12958|33.56%|141499.54841|0.00068
|sum: |301.34519|100%|474045.94333|0.00064|

buyVsSellerTable für alive = 
sell|218.09024|78.23%|5910.85127|0.03795
buy|60.68459|21.77%|1457.83560|0.04156
|sum: |278.77483|100%|7368.68687|0.03975|

buyVsSellerTable für beer = 
buy|84.27824|77.51%|806.32884|0.10202
sell|24.45129|22.49%|329.68722|0.07454
|sum: |108.72953|100%|1136.01606|0.08828|

buyVsSellerTable für leo = 
buy|12504.23474|66.91%|113791.31498|0.11197
sell|6184.86478|33.09%|53904.57992|0.11129
|sum: |18689.09952|100%|167695.89489999998|0.11163|

buyVsSellerTable für pob = 
sell|698.28660|80.91%|16534.58111|0.04213
buy|164.79441|19.09%|3837.03787|0.04268
|sum: |863.08101|100%|20371.61898|0.04240|

buyVsSellerTable für spt = 
sell|200.21561|66.44%|332546.39492|0.00060
buy|101.12958|33.56%|141499.54841|0.00068
|sum: |301.34519|100%|474045.94333|0.00064|

buyVsSellerTable für alive = 
sell|218.09024|78.23%|5910.85127|0.03795
buy|60.68459|21.77%|1457.83560|0.04156
|sum: |278.77483|100%|7368.68687|0.03975|

buyVsSellerTable für beer = 
buy|84.27824|77.51%|806.32884|0.10202
sell|24.45129|22.49%|329.68722|0.07454
|sum: |108.72953|100%|1136.01606|0.08828|

buyVsSellerTable für leo = 
buy|12504.23474|66.91%|113791.31498|0.11197
sell|6184.86478|33.09%|53904.57992|0.11129
|sum: |18689.09952|100%|167695.89489999998|0.11163|

buyVsSellerTable für pob = 
sell|698.28660|80.91%|16534.58111|0.04213
buy|164.79441|19.09%|3837.03787|0.04268
|sum: |863.08101|100%|20371.61898|0.04240|

buyVsSellerTable für spt = 
sell|200.21561|66.44%|332546.39492|0.00060
buy|101.12958|33.56%|141499.54841|0.00068
|sum: |301.34519|100%|474045.94333|0.00064|

buyVsSellerTable für alive = 
sell|218.09024|78.23%|5910.85127|0.03795
buy|60.68459|21.77%|1457.83560|0.04156
|sum: |278.77483|100%|7368.68687|0.03975|

buyVsSellerTable für beer = 
buy|84.27824|77.51%|806.32884|0.10202
sell|24.45129|22.49%|329.68722|0.07454
|sum: |108.72953|100%|1136.01606|0.08828|

buyVsSellerTable für leo = 
buy|12504.23474|66.91%|113791.31498|0.11197
sell|6184.86478|33.09%|53904.57992|0.11129
|sum: |18689.09952|100%|167695.89489999998|0.11163|

buyVsSellerTable für pob = 
sell|698.28660|80.91%|16534.58111|0.04213
buy|164.79441|19.09%|3837.03787|0.04268
|sum: |863.08101|100%|20371.61898|0.04240|

buyVsSellerTable für spt = 
sell|200.21561|66.44%|332546.39492|0.00060
buy|101.12958|33.56%|141499.54841|0.00068
|sum: |301.34519|100%|474045.94333|0.00064|

buyVsSellerTable für alive = 
sell|218.09024|78.23%|5910.85127|0.03795
buy|60.68459|21.77%|1457.83560|0.04156
|sum: |278.77483|100%|7368.68687|0.03975|

buyVsSellerTable für beer = 
buy|84.27824|77.51%|806.32884|0.10202
sell|24.45129|22.49%|329.68722|0.07454
|sum: |108.72953|100%|1136.01606|0.08828|

buyVsSellerTable für leo = 
buy|12504.23474|66.91%|113791.31498|0.11197
sell|6184.86478|33.09%|53904.57992|0.11129
|sum: |18689.09952|100%|167695.89489999998|0.11163|

buyVsSellerTable für pob = 
sell|698.28660|80.91%|16534.58111|0.04213
buy|164.79441|19.09%|3837.03787|0.04268
|sum: |863.08101|100%|20371.61898|0.04240|

buyVsSellerTable für spt = 
sell|200.21561|66.44%|332546.39492|0.00060
buy|101.12958|33.56%|141499.54841|0.00068
|sum: |301.34519|100%|474045.94333|0.00064|

buyVsSellerTable für alive = 
sell|218.09024|78.23%|5910.85127|0.03795
buy|60.68459|21.77%|1457.83560|0.04156
|sum: |278.77483|100%|7368.68687|0.03975|

buyVsSellerTable für beer = 
buy|84.27824|77.51%|806.32884|0.10202
sell|24.45129|22.49%|329.68722|0.07454
|sum: |108.72953|100%|1136.01606|0.08828|

buyVsSellerTable für leo = 
buy|12504.23474|66.91%|113791.31498|0.11197
sell|6184.86478|33.09%|53904.57992|0.11129
|sum: |18689.09952|100%|167695.89489999998|0.11163|

buyVsSellerTable für pob = 
sell|698.28660|80.91%|16534.58111|0.04213
buy|164.79441|19.09%|3837.03787|0.04268
|sum: |863.08101|100%|20371.61898|0.04240|

buyVsSellerTable für spt = 
sell|200.21561|66.44%|332546.39492|0.00060
buy|101.12958|33.56%|141499.54841|0.00068
|sum: |301.34519|100%|474045.94333|0.00064|

buyVsSellerTable für alive = 
sell|218.09024|78.23%|5910.85127|0.03795
buy|60.68459|21.77%|1457.83560|0.04156
|sum: |278.77483|100%|7368.68687|0.03975|

buyVsSellerTable für beer = 
buy|84.27824|77.51%|806.32884|0.10202
sell|24.45129|22.49%|329.68722|0.07454
|sum: |108.72953|100%|1136.01606|0.08828|

buyVsSellerTable für leo = 
buy|12504.23474|66.91%|113791.31498|0.11197
sell|6184.86478|33.09%|53904.57992|0.11129
|sum: |18689.09952|100%|167695.89489999998|0.11163|

buyVsSellerTable für pob = 
sell|698.28660|80.91%|16534.58111|0.04213
buy|164.79441|19.09%|3837.03787|0.04268
|sum: |863.08101|100%|20371.61898|0.04240|

buyVsSellerTable für spt = 
sell|200.21561|66.44%|332546.39492|0.00060
buy|101.12958|33.56%|141499.54841|0.00068
|sum: |301.34519|100%|474045.94333|0.00064|

buyVsSellerTable für alive = 
sell|218.09024|78.23%|5910.85127|0.03795
buy|60.68459|21.77%|1457.83560|0.04156
|sum: |278.77483|100%|7368.68687|0.03975|

buyVsSellerTable für beer = 
buy|84.27824|77.51%|806.32884|0.10202
sell|24.45129|22.49%|329.68722|0.07454
|sum: |108.72953|100%|1136.01606|0.08828|

buyVsSellerTable für leo = 
buy|12504.23474|66.91%|113791.31498|0.11197
sell|6184.86478|33.09%|53904.57992|0.11129
|sum: |18689.09952|100%|167695.89489999998|0.11163|

buyVsSellerTable für pob = 
sell|698.28660|80.91%|16534.58111|0.04213
buy|164.79441|19.09%|3837.03787|0.04268
|sum: |863.08101|100%|20371.61898|0.04240|

buyVsSellerTable für spt = 
sell|200.21561|66.44%|332546.39492|0.00060
buy|101.12958|33.56%|141499.54841|0.00068
|sum: |301.34519|100%|474045.94333|0.00064|

buyVsSellerTable für alive = 
sell|218.09024|78.23%|5910.85127|0.03795
buy|60.68459|21.77%|1457.83560|0.04156
|sum: |278.77483|100%|7368.68687|0.03975|

buyVsSellerTable für beer = 
buy|84.27824|77.51%|806.32884|0.10202
sell|24.45129|22.49%|329.68722|0.07454
|sum: |108.72953|100%|1136.01606|0.08828|

buyVsSellerTable für leo = 
buy|12504.23474|66.91%|113791.31498|0.11197
sell|6184.86478|33.09%|53904.57992|0.11129
|sum: |18689.09952|100%|167695.89489999998|0.11163|

buyVsSellerTable für pob = 
sell|698.28660|80.91%|16534.58111|0.04213
buy|164.79441|19.09%|3837.03787|0.04268
|sum: |863.08101|100%|20371.61898|0.04240|

buyVsSellerTable für spt = 
sell|200.21561|66.44%|332546.39492|0.00060
buy|101.12958|33.56%|141499.54841|0.00068
|sum: |301.34519|100%|474045.94333|0.00064|

